1 0.770616 0.648276 0.084785 0.193103
1 0.857143 0.648276 0.088269 0.193103
1 0.626016 0.434483 0.095238 0.234483
1 0.329849 0.193103 0.169570 0.102069
1 0.329849 0.401379 0.169570 0.107586
1 0.945993 0.648276 0.089431 0.193103
1 0.329849 0.506207 0.169570 0.104828
1 0.329849 0.088966 0.169570 0.103448
1 0.329849 0.295862 0.169570 0.103448
1 0.682927 0.648276 0.090592 0.193103
1 0.330430 0.609655 0.170732 0.102069
1 0.329849 0.837931 0.169570 0.106207
1 0.329849 0.938621 0.169570 0.095172
1 0.626016 0.199310 0.095238 0.235862