1 0.607230 0.866667 0.057598 0.122222
1 0.465074 0.180556 0.055147 0.116667
1 0.741422 0.586806 0.056373 0.115278
1 0.685049 0.586111 0.056373 0.116667
1 0.833946 0.865972 0.055147 0.120833
1 0.719975 0.865972 0.055147 0.120833
1 0.353554 0.181250 0.055147 0.118056
1 0.889706 0.865972 0.056373 0.120833
1 0.776348 0.866667 0.057598 0.122222
1 0.663603 0.866667 0.057598 0.122222
1 0.628676 0.586111 0.056373 0.116667
1 0.435049 0.866667 0.053922 0.122222
1 0.379902 0.866667 0.056373 0.122222
1 0.458946 0.586806 0.057598 0.115278
1 0.743260 0.179861 0.055147 0.118056
1 0.515319 0.586806 0.057598 0.115278
1 0.240809 0.181250 0.057598 0.118056
1 0.572304 0.586806 0.056373 0.115278
1 0.409314 0.181250 0.056373 0.118056
1 0.520221 0.180556 0.055147 0.116667
1 0.321691 0.866667 0.060049 0.122222
1 0.688113 0.179861 0.055147 0.118056
1 0.550245 0.866667 0.056373 0.122222
1 0.233456 0.586806 0.057598 0.115278
1 0.632966 0.179861 0.055147 0.118056
1 0.175245 0.586806 0.058824 0.115278
1 0.945466 0.865972 0.055147 0.120833
1 0.795956 0.586111 0.052696 0.113889
1 0.290441 0.586806 0.056373 0.115278
1 0.182598 0.181250 0.058824 0.118056
1 0.796569 0.179861 0.051471 0.118056
1 0.492034 0.866667 0.060049 0.122222
1 0.402574 0.586806 0.055147 0.115278
1 0.296569 0.181250 0.056373 0.118056