1 0.441537 0.589583 0.148107 0.087500
1 0.757795 0.415972 0.143653 0.087500
1 0.758352 0.676389 0.144766 0.091667
1 0.903118 0.416667 0.146993 0.086111
1 0.904232 0.764583 0.146993 0.087500
1 0.758352 0.764583 0.144766 0.087500
1 0.903675 0.853472 0.148107 0.090278
1 0.903675 0.587500 0.148107 0.086111
1 0.758352 0.941667 0.144766 0.088889
1 0.305679 0.853472 0.123608 0.087500
1 0.757795 0.328472 0.143653 0.090278
1 0.758352 0.852778 0.144766 0.088889
1 0.903675 0.676389 0.148107 0.091667
1 0.757795 0.502778 0.143653 0.086111
1 0.757795 0.588194 0.143653 0.087500
1 0.903675 0.502778 0.148107 0.086111
1 0.441537 0.416667 0.148107 0.086111
1 0.903118 0.328472 0.146993 0.090278
1 0.305679 0.416667 0.123608 0.086111
1 0.442094 0.676389 0.149220 0.088889
1 0.305679 0.765972 0.123608 0.087500
1 0.442094 0.765278 0.149220 0.088889
1 0.441537 0.852778 0.148107 0.088889
1 0.305679 0.942361 0.123608 0.087500
1 0.441537 0.941667 0.148107 0.088889