1 0.471446 0.254167 0.046173 0.088889
1 0.515188 0.254167 0.041312 0.088889
1 0.558323 0.254167 0.042527 0.088889
1 0.601458 0.254167 0.043742 0.088889
1 0.644593 0.254167 0.042527 0.088889
1 0.687120 0.254167 0.042527 0.088889
1 0.730255 0.254167 0.041312 0.088889
1 0.772783 0.254167 0.041312 0.088889
1 0.815917 0.254167 0.042527 0.088889
1 0.902187 0.253472 0.042527 0.090278
1 0.584447 0.468750 0.046173 0.090278
1 0.628797 0.468750 0.042527 0.090278
1 0.672539 0.468750 0.042527 0.090278
1 0.715067 0.468750 0.042527 0.090278
1 0.758202 0.468750 0.043742 0.090278
1 0.801944 0.468750 0.043742 0.090278
1 0.845079 0.468750 0.042527 0.090278
1 0.888821 0.468750 0.042527 0.090278
1 0.931349 0.468750 0.042527 0.090278
1 0.974484 0.468750 0.043742 0.090278