1 0.268750 0.661905 0.074167 0.298413
1 0.047083 0.661905 0.074167 0.298413
1 0.960000 0.354762 0.078333 0.319048
1 0.120417 0.661905 0.072500 0.298413
1 0.420417 0.355556 0.079167 0.317460
1 0.194167 0.661905 0.075000 0.298413
1 0.343750 0.355556 0.075833 0.317460
1 0.649583 0.661905 0.077500 0.295238
1 0.497917 0.355556 0.075833 0.317460
1 0.959583 0.661905 0.079167 0.295238
1 0.881667 0.661905 0.078333 0.295238
1 0.802917 0.661905 0.079167 0.295238
1 0.881667 0.355556 0.078333 0.317460
1 0.573333 0.355556 0.075000 0.317460
1 0.046250 0.355556 0.074167 0.314286
1 0.725833 0.661905 0.075000 0.295238
1 0.420000 0.661111 0.078333 0.296825
1 0.498333 0.661111 0.076667 0.296825