1 0.302493 0.642037 0.039310 0.110473
1 0.419942 0.641320 0.040268 0.111908
1 0.093960 0.208034 0.038351 0.111908
1 0.459252 0.641320 0.038351 0.111908
1 0.054650 0.208034 0.038351 0.111908
1 0.078619 0.459828 0.040268 0.104735
1 0.360019 0.941176 0.039310 0.109039
1 0.381112 0.459110 0.039310 0.103300
1 0.078619 0.642037 0.040268 0.113343
1 0.263183 0.642037 0.039310 0.110473
1 0.172579 0.207317 0.038351 0.110473
1 0.341802 0.642037 0.041227 0.110473
1 0.466443 0.207317 0.041227 0.110473
1 0.133269 0.208034 0.040268 0.111908
1 0.118408 0.459828 0.039310 0.104735
1 0.386385 0.207317 0.040268 0.110473
1 0.381112 0.641320 0.039310 0.111908
1 0.123202 0.941894 0.039310 0.107604
1 0.341802 0.459110 0.039310 0.103300
1 0.018217 0.207317 0.034516 0.110473
1 0.197507 0.641320 0.038351 0.111908
1 0.158198 0.459828 0.040268 0.104735
1 0.084851 0.941894 0.037392 0.107604
1 0.197507 0.459828 0.038351 0.104735
1 0.039789 0.459828 0.037392 0.104735
1 0.419942 0.459110 0.038351 0.103300
1 0.425695 0.207317 0.040268 0.110473
1 0.212848 0.207317 0.042186 0.110473
1 0.039789 0.642037 0.037392 0.113343
1 0.117929 0.642037 0.038351 0.113343
1 0.157718 0.641320 0.041227 0.111908
1 0.690316 0.209469 0.047939 0.111908
1 0.398849 0.941176 0.038351 0.109039
1 0.302013 0.459110 0.038351 0.103300
1 0.689837 0.094692 0.048897 0.117647
1 0.689837 0.324247 0.048897 0.114778
1 0.937200 0.928981 0.039310 0.113343
1 0.263183 0.459110 0.039310 0.103300
1 0.458773 0.459110 0.039310 0.103300
1 0.202780 0.941894 0.039310 0.107604
1 0.281879 0.941176 0.038351 0.109039
1 0.438639 0.940459 0.041227 0.107604