1 0.718750 0.622222 0.239826 0.100000
1 0.479651 0.621528 0.241279 0.101389
1 0.479651 0.942361 0.241279 0.106944
1 0.478924 0.300694 0.239826 0.104167
1 0.718023 0.197917 0.238372 0.101389
1 0.479651 0.834722 0.241279 0.111111
1 0.718023 0.300694 0.238372 0.104167
1 0.718023 0.406944 0.238372 0.108333
1 0.478924 0.406944 0.239826 0.108333
1 0.479651 0.516667 0.241279 0.111111
1 0.718023 0.516667 0.238372 0.111111
1 0.719477 0.725694 0.238372 0.106944
1 0.479651 0.725694 0.241279 0.106944
1 0.719477 0.834028 0.238372 0.109722
1 0.478924 0.198611 0.239826 0.100000
1 0.719477 0.942361 0.238372 0.106944