1 0.098291 0.623404 0.166667 0.106383
1 0.631944 0.621986 0.169872 0.106383
1 0.631410 0.409220 0.170940 0.106383
1 0.266026 0.516312 0.170940 0.107801
1 0.265491 0.302837 0.169872 0.106383
1 0.630876 0.090071 0.169872 0.106383
1 0.631944 0.835461 0.169872 0.107801
1 0.631410 0.515603 0.170940 0.106383
1 0.098291 0.196454 0.166667 0.106383
1 0.098291 0.516312 0.166667 0.107801
1 0.630876 0.196454 0.169872 0.106383
1 0.097756 0.836170 0.167735 0.106383
1 0.631944 0.728369 0.169872 0.106383
1 0.631410 0.302837 0.170940 0.106383
1 0.266026 0.196454 0.168803 0.106383
1 0.098291 0.729078 0.166667 0.107801
1 0.266026 0.622695 0.170940 0.107801
1 0.800214 0.196454 0.168803 0.106383
1 0.266026 0.090780 0.168803 0.104965
1 0.098825 0.304255 0.165598 0.106383
1 0.098291 0.409929 0.166667 0.107801
1 0.266026 0.409220 0.170940 0.106383
1 0.267094 0.728369 0.170940 0.106383
1 0.267094 0.835461 0.170940 0.107801
1 0.267094 0.943262 0.170940 0.107801
1 0.800214 0.090780 0.168803 0.107801
1 0.632479 0.941844 0.168803 0.107801
1 0.800214 0.302837 0.168803 0.106383
1 0.800214 0.408511 0.168803 0.107801
1 0.800748 0.515603 0.169872 0.106383
1 0.801282 0.622695 0.168803 0.104965
1 0.801282 0.728369 0.168803 0.106383
1 0.801282 0.834752 0.168803 0.106383
1 0.801282 0.941844 0.168803 0.107801