1 0.166473 0.381250 0.066125 0.137500
1 0.230278 0.381250 0.061485 0.137500
1 0.293503 0.381250 0.062645 0.137500
1 0.356148 0.380556 0.062645 0.136111
1 0.419954 0.380556 0.062645 0.136111
1 0.482019 0.380556 0.061485 0.136111
1 0.544084 0.380556 0.062645 0.136111
1 0.669374 0.380556 0.062645 0.136111
1 0.732019 0.379861 0.062645 0.137500
1 0.794084 0.379861 0.061485 0.137500
1 0.854408 0.379861 0.059165 0.137500
1 0.330626 0.711111 0.064965 0.141667
1 0.395592 0.711111 0.064965 0.141667
1 0.459397 0.711111 0.062645 0.141667
1 0.522622 0.711111 0.061485 0.141667
1 0.585267 0.711111 0.063805 0.141667
1 0.647912 0.711111 0.061485 0.141667
1 0.710557 0.711111 0.063805 0.141667
1 0.774362 0.711111 0.061485 0.141667
1 0.837007 0.710417 0.063805 0.140278
1 0.900232 0.710417 0.062645 0.140278
1 0.962877 0.710417 0.062645 0.140278