1 0.682801 0.176351 0.085526 0.263514
1 0.939850 0.175000 0.088346 0.260811
1 0.155545 0.179054 0.087406 0.266216
1 0.416823 0.178378 0.091165 0.264865
1 0.852914 0.175676 0.087406 0.262162
1 0.767387 0.175676 0.083647 0.262162
1 0.939850 0.440541 0.088346 0.267568
1 0.328477 0.442568 0.087406 0.263514
1 0.241541 0.178378 0.086466 0.264865
1 0.683271 0.441216 0.086466 0.266216
1 0.595865 0.177027 0.090226 0.264865
1 0.068139 0.442568 0.087406 0.263514
1 0.767857 0.440541 0.084586 0.264865
1 0.155545 0.442568 0.087406 0.263514
1 0.416823 0.442568 0.091165 0.263514
1 0.596335 0.441892 0.091165 0.264865
1 0.852914 0.439865 0.087406 0.266216
1 0.068139 0.179054 0.087406 0.266216
1 0.506579 0.441892 0.090226 0.264865
1 0.241541 0.442568 0.086466 0.263514
1 0.506109 0.177027 0.089286 0.264865
1 0.328477 0.178378 0.087406 0.264865