1 0.862109 0.510534 0.221094 0.195225
1 0.111719 0.892556 0.218750 0.192416
1 0.112109 0.318820 0.217969 0.191011
1 0.112109 0.129213 0.217969 0.191011
1 0.862500 0.893258 0.221875 0.193820
1 0.111719 0.702247 0.218750 0.191011
1 0.861719 0.319522 0.220312 0.189607
1 0.629687 0.128511 0.226562 0.192416
1 0.112109 0.511236 0.217969 0.193820
1 0.862109 0.702247 0.221094 0.191011
1 0.862109 0.128511 0.219531 0.192416
1 0.629687 0.510534 0.226562 0.192416
1 0.629687 0.702247 0.226562 0.188202
1 0.630078 0.892556 0.227344 0.192416