1 0.416303 0.171774 0.077594 0.314516
1 0.340453 0.171774 0.075850 0.314516
1 0.571055 0.171774 0.078466 0.314516
1 0.114211 0.172581 0.074978 0.316129
1 0.649085 0.171774 0.077594 0.314516
1 0.189189 0.172581 0.074978 0.316129
1 0.807323 0.170968 0.081953 0.312903
1 0.493461 0.171774 0.076722 0.314516
1 0.884481 0.170161 0.072363 0.314516
1 0.189189 0.824194 0.074978 0.309677
1 0.264167 0.824194 0.076722 0.309677
1 0.340453 0.825000 0.075850 0.311290
1 0.493897 0.825000 0.077594 0.311290
1 0.571055 0.825000 0.078466 0.311290
1 0.649085 0.824194 0.077594 0.312903
1 0.726678 0.824194 0.079337 0.312903
1 0.807323 0.824194 0.081953 0.312903
1 0.884481 0.824194 0.072363 0.312903
1 0.959895 0.824194 0.078466 0.312903