1 0.446695 0.630556 0.343284 0.097222
1 0.791045 0.630556 0.345416 0.097222
1 0.791045 0.736111 0.345416 0.113889
1 0.791045 0.527083 0.345416 0.109722
1 0.446695 0.419444 0.343284 0.105556
1 0.789979 0.949306 0.347548 0.098611
1 0.791045 0.419444 0.345416 0.105556
1 0.446695 0.847917 0.343284 0.106944
1 0.791045 0.847917 0.345416 0.106944
1 0.446695 0.950000 0.343284 0.097222
1 0.446695 0.210417 0.343284 0.104167
1 0.792111 0.314583 0.347548 0.104167
1 0.446695 0.736806 0.343284 0.115278
1 0.791045 0.210417 0.345416 0.104167
1 0.446695 0.314583 0.343284 0.104167
1 0.446695 0.527083 0.343284 0.109722