1 0.360931 0.786806 0.098485 0.240278
1 0.656926 0.785417 0.097403 0.240278
1 0.359307 0.144444 0.103896 0.236111
1 0.155844 0.144444 0.099567 0.238889
1 0.753788 0.786111 0.100649 0.241667
1 0.558442 0.786111 0.101732 0.241667
1 0.256494 0.144444 0.103896 0.236111
1 0.054113 0.145139 0.103896 0.237500
1 0.954545 0.919444 0.088745 0.158333
1 0.459957 0.144444 0.099567 0.236111
1 0.089286 0.786806 0.100649 0.240278
1 0.659632 0.145139 0.098485 0.237500
1 0.188312 0.786806 0.097403 0.240278
1 0.458874 0.786806 0.099567 0.240278
1 0.560606 0.145139 0.101732 0.237500