1 0.865185 0.901389 0.085926 0.144444
1 0.166667 0.687500 0.087407 0.141667
1 0.430370 0.901389 0.084444 0.144444
1 0.254815 0.686806 0.088889 0.140278
1 0.430370 0.686806 0.084444 0.140278
1 0.779259 0.901389 0.085926 0.144444
1 0.692593 0.900694 0.087407 0.145833
1 0.603704 0.686806 0.090370 0.140278
1 0.343704 0.902083 0.088889 0.145833
1 0.166667 0.901389 0.087407 0.144444
1 0.343704 0.686806 0.088889 0.140278
1 0.603704 0.901389 0.090370 0.144444
1 0.077037 0.687500 0.091852 0.141667
1 0.778519 0.685417 0.084444 0.140278
1 0.865185 0.685417 0.085926 0.140278