1 0.363077 0.747222 0.057436 0.152778
1 0.852308 0.147917 0.055385 0.154167
1 0.564103 0.147917 0.057436 0.154167
1 0.506154 0.148611 0.058462 0.155556
1 0.702051 0.746528 0.060513 0.154167
1 0.642051 0.746528 0.059487 0.154167
1 0.909744 0.147917 0.059487 0.154167
1 0.266154 0.149306 0.062564 0.154167
1 0.821538 0.495139 0.059487 0.143056
1 0.968718 0.147917 0.058462 0.154167
1 0.446154 0.148611 0.061538 0.155556
1 0.742564 0.147917 0.059487 0.154167
1 0.326667 0.148611 0.060513 0.155556
1 0.362564 0.495833 0.058462 0.141667
1 0.683077 0.147917 0.059487 0.154167
1 0.880000 0.495139 0.057436 0.143056
1 0.522564 0.746528 0.062564 0.154167
1 0.642051 0.495833 0.059487 0.144444
1 0.181538 0.747917 0.059487 0.154167
1 0.121026 0.747917 0.061538 0.154167
1 0.302564 0.747917 0.061538 0.154167
1 0.821538 0.746528 0.059487 0.154167
1 0.242051 0.747917 0.059487 0.154167
1 0.583077 0.495833 0.058462 0.144444
1 0.202051 0.149306 0.065641 0.154167
1 0.303077 0.495833 0.062564 0.141667
1 0.522564 0.495139 0.062564 0.143056
1 0.880000 0.746528 0.057436 0.154167
1 0.420000 0.747917 0.056410 0.154167
1 0.181538 0.496528 0.059487 0.143056
1 0.762051 0.495139 0.059487 0.143056
1 0.702051 0.495833 0.060513 0.144444
1 0.386154 0.148611 0.058462 0.155556
1 0.420000 0.495833 0.056410 0.144444
1 0.583077 0.746528 0.058462 0.154167
1 0.797949 0.147917 0.053333 0.154167