1 0.678687 0.913258 0.044133 0.105783
1 0.854682 0.913258 0.043057 0.105783
1 0.733046 0.441467 0.043057 0.104372
1 0.523681 0.621298 0.044133 0.108604
1 0.721206 0.193230 0.043057 0.110014
1 0.456943 0.913963 0.044133 0.104372
1 0.567815 0.621298 0.044133 0.108604
1 0.411195 0.913963 0.047363 0.104372
1 0.821313 0.620592 0.043057 0.107193
1 0.811087 0.913258 0.044133 0.105783
1 0.810011 0.193230 0.044133 0.110014
1 0.500538 0.913258 0.043057 0.105783
1 0.523143 0.440762 0.043057 0.102962
1 0.567815 0.441467 0.044133 0.104372
1 0.544672 0.913258 0.045210 0.105783
1 0.896663 0.913258 0.040904 0.105783
1 0.954252 0.622708 0.044133 0.114245
1 0.777180 0.620592 0.045210 0.107193
1 0.975780 0.193230 0.041981 0.110014
1 0.433800 0.440762 0.047363 0.102962
1 0.589882 0.913258 0.045210 0.105783
1 0.454790 0.192525 0.046286 0.108604
1 0.545210 0.192525 0.044133 0.108604
1 0.733046 0.620592 0.043057 0.107193
1 0.589882 0.192525 0.045210 0.108604
1 0.777180 0.441467 0.045210 0.104372
1 0.433800 0.621298 0.047363 0.108604
1 0.865447 0.441467 0.045210 0.104372
1 0.613563 0.621298 0.047363 0.108604
1 0.500538 0.192525 0.045210 0.108604
1 0.821313 0.441467 0.043057 0.104372
1 0.853606 0.193230 0.043057 0.110014
1 0.387513 0.621298 0.045210 0.108604
1 0.688375 0.620592 0.046286 0.107193
1 0.910118 0.620592 0.044133 0.107193
1 0.910118 0.441467 0.044133 0.104372
1 0.688375 0.441467 0.046286 0.104372
1 0.613563 0.441467 0.047363 0.104372
1 0.634553 0.192525 0.044133 0.108604
1 0.678149 0.193230 0.043057 0.110014
1 0.766954 0.913258 0.044133 0.105783
1 0.722820 0.913258 0.044133 0.105783
1 0.174381 0.040903 0.092573 0.064880
1 0.479548 0.621298 0.044133 0.108604
1 0.954252 0.441467 0.044133 0.104372
1 0.933262 0.193230 0.043057 0.110014
1 0.174381 0.102257 0.092573 0.057828
1 0.174381 0.160790 0.092573 0.059238