1 0.423208 0.436986 0.088737 0.136986
1 0.250000 0.436986 0.083618 0.136986
1 0.223549 0.875342 0.088737 0.128767
1 0.399317 0.695890 0.085324 0.126027
1 0.313140 0.695890 0.087031 0.126027
1 0.162116 0.436986 0.088737 0.136986
1 0.573379 0.875342 0.085324 0.128767
1 0.572526 0.695890 0.087031 0.126027
1 0.485495 0.695890 0.087031 0.126027
1 0.835324 0.874658 0.093857 0.127397
1 0.658703 0.695205 0.085324 0.124658
1 0.074232 0.436986 0.087031 0.136986
1 0.336177 0.436986 0.085324 0.136986
1 0.658703 0.875342 0.085324 0.128767
1 0.744881 0.695205 0.087031 0.124658
1 0.744881 0.875342 0.087031 0.126027
1 0.485495 0.875342 0.087031 0.128767
1 0.311433 0.875342 0.087031 0.128767
1 0.517065 0.436986 0.098976 0.136986
1 0.223549 0.695890 0.092150 0.126027
1 0.833618 0.695205 0.090444 0.124658
1 0.926621 0.695205 0.092150 0.124658
1 0.059727 0.695890 0.092150 0.126027
1 0.927474 0.874658 0.087031 0.127397
1 0.397611 0.875342 0.085324 0.128767
1 0.059727 0.875342 0.092150 0.128767