1 0.468504 0.125694 0.068616 0.156944
1 0.956130 0.124306 0.069741 0.156944
1 0.397075 0.125694 0.074241 0.156944
1 0.120360 0.347917 0.071991 0.156944
1 0.325084 0.126389 0.069741 0.155556
1 0.538245 0.125694 0.070866 0.156944
1 0.677165 0.125694 0.069741 0.156944
1 0.746344 0.125694 0.068616 0.156944
1 0.397075 0.346528 0.074241 0.159722
1 0.677165 0.345833 0.069741 0.161111
1 0.816085 0.124306 0.070866 0.156944
1 0.190101 0.126389 0.069741 0.155556
1 0.048369 0.126389 0.074241 0.155556
1 0.886952 0.345833 0.070866 0.163889
1 0.886389 0.124306 0.069741 0.156944
1 0.325084 0.346528 0.069741 0.159722
1 0.607987 0.125694 0.068616 0.156944
1 0.048369 0.347917 0.074241 0.156944
1 0.120360 0.126389 0.069741 0.155556
1 0.469066 0.346528 0.069741 0.159722