1 0.203091 0.245833 0.039735 0.088889
1 0.396799 0.245139 0.038631 0.090278
1 0.104857 0.461111 0.039735 0.091667
1 0.144592 0.461111 0.039735 0.091667
1 0.164459 0.245833 0.039735 0.088889
1 0.183775 0.461111 0.038631 0.091667
1 0.221854 0.460417 0.037528 0.093056
1 0.260486 0.460417 0.039735 0.093056
1 0.299669 0.460417 0.038631 0.093056
1 0.242826 0.246528 0.039735 0.090278
1 0.358720 0.245139 0.037528 0.090278
1 0.125828 0.245833 0.037528 0.088889
1 0.088300 0.245833 0.037528 0.088889
1 0.437638 0.245139 0.043046 0.090278
1 0.065673 0.461111 0.038631 0.091667
1 0.026490 0.461111 0.039735 0.091667
1 0.340508 0.459722 0.043046 0.091667
1 0.281457 0.245139 0.037528 0.090278
1 0.320640 0.245833 0.038631 0.091667
1 0.923841 0.306250 0.039735 0.093056
1 0.383002 0.459722 0.041943 0.091667