1 0.153892 0.134722 0.064858 0.127778
1 0.216392 0.134722 0.060142 0.127778
1 0.275943 0.134722 0.058962 0.127778
1 0.334906 0.134028 0.058962 0.126389
1 0.393868 0.134028 0.058962 0.126389
1 0.511792 0.134028 0.058962 0.126389
1 0.570165 0.134028 0.057783 0.126389
1 0.629717 0.134028 0.058962 0.126389
1 0.688090 0.134028 0.057783 0.126389
1 0.745873 0.134028 0.057783 0.126389
1 0.803066 0.133333 0.056604 0.125000
1 0.152712 0.578472 0.064858 0.123611
1 0.214033 0.578472 0.057783 0.123611
1 0.272995 0.578472 0.060142 0.123611
1 0.333137 0.578472 0.060142 0.123611
1 0.392689 0.578472 0.058962 0.123611
1 0.451651 0.578472 0.058962 0.123611
1 0.511203 0.578472 0.060142 0.123611
1 0.570165 0.578472 0.057783 0.123611
1 0.628538 0.578472 0.058962 0.123611
1 0.747052 0.577778 0.057783 0.122222
1 0.308373 0.883333 0.060142 0.133333
1 0.369104 0.883333 0.061321 0.133333
1 0.429245 0.883333 0.058962 0.133333
1 0.488208 0.883333 0.058962 0.133333
1 0.547759 0.883333 0.060142 0.133333
1 0.607311 0.883333 0.058962 0.133333
1 0.666274 0.883333 0.058962 0.133333
1 0.725236 0.883333 0.058962 0.133333
1 0.784198 0.883333 0.058962 0.133333
1 0.844340 0.883333 0.058962 0.133333
1 0.904481 0.883333 0.058962 0.133333
1 0.963443 0.883333 0.058962 0.133333