1 0.468676 0.348674 0.095745 0.241810
1 0.567376 0.742590 0.101655 0.218409
1 0.273050 0.744150 0.096927 0.218409
1 0.176714 0.349454 0.095745 0.240250
1 0.468085 0.742590 0.096927 0.218409
1 0.271868 0.348674 0.096927 0.241810
1 0.370567 0.744150 0.100473 0.218409
1 0.370567 0.348674 0.100473 0.241810
1 0.081560 0.744150 0.094563 0.218409
1 0.665485 0.347894 0.094563 0.240250
1 0.665485 0.743370 0.094563 0.219969
1 0.176714 0.744150 0.095745 0.218409
1 0.851655 0.330733 0.102837 0.209048
1 0.949764 0.546802 0.093381 0.223089
1 0.081560 0.349454 0.094563 0.240250
1 0.949764 0.329953 0.093381 0.210608
1 0.851655 0.547582 0.102837 0.224649