1 0.686096 0.528418 0.065241 0.147465
1 0.036364 0.529954 0.062032 0.147465
1 0.099465 0.529186 0.064171 0.145929
1 0.620856 0.528418 0.065241 0.147465
1 0.814973 0.528418 0.064171 0.147465
1 0.294652 0.528418 0.063102 0.147465
1 0.751337 0.528418 0.065241 0.147465
1 0.878610 0.527650 0.063102 0.145929
1 0.967914 0.157450 0.057754 0.170507
1 0.489305 0.528418 0.065241 0.147465
1 0.943316 0.527650 0.066310 0.145929
1 0.036364 0.682796 0.062032 0.161290
1 0.751337 0.682796 0.065241 0.161290
1 0.229947 0.529186 0.066310 0.145929
1 0.424064 0.683564 0.063102 0.162826
1 0.164171 0.529186 0.065241 0.145929
1 0.424064 0.528418 0.063102 0.147465
1 0.621390 0.682796 0.066310 0.161290
1 0.164171 0.683564 0.065241 0.162826
1 0.555615 0.682796 0.067380 0.161290
1 0.686096 0.682796 0.065241 0.161290
1 0.488770 0.683564 0.066310 0.162826
1 0.814973 0.682796 0.064171 0.161290
1 0.943316 0.682028 0.066310 0.162826
1 0.229947 0.683564 0.066310 0.162826
1 0.359358 0.683564 0.066310 0.162826
1 0.555615 0.529186 0.067380 0.145929
1 0.359358 0.528418 0.066310 0.147465