1 0.101404 0.762186 0.180967 0.100443
1 0.845554 0.197194 0.099844 0.178730
1 0.801872 0.591581 0.099844 0.172821
1 0.100624 0.571640 0.179407 0.094535
1 0.943838 0.197194 0.099844 0.178730
1 0.357254 0.197194 0.099844 0.178730
1 0.156786 0.197194 0.095164 0.178730
1 0.648986 0.197194 0.096724 0.178730
1 0.454758 0.197194 0.095164 0.178730
1 0.703588 0.592319 0.096724 0.171344
1 0.058502 0.197932 0.101404 0.180207
1 0.900936 0.591581 0.098284 0.172821
1 0.745710 0.197194 0.099844 0.178730
1 0.102184 0.949040 0.182527 0.096012