1 0.876374 0.815751 0.071429 0.137283
1 0.947115 0.574422 0.072802 0.145954
1 0.652473 0.815751 0.074176 0.137283
1 0.879121 0.177746 0.074176 0.147399
1 0.802885 0.575145 0.075549 0.144509
1 0.652473 0.575145 0.074176 0.144509
1 0.954670 0.177746 0.076923 0.147399
1 0.661401 0.177746 0.070055 0.147399
1 0.733516 0.177746 0.074176 0.147399
1 0.576923 0.815751 0.079670 0.137283
1 0.947115 0.815751 0.072802 0.137283
1 0.122253 0.682803 0.079670 0.137283
1 0.431319 0.682081 0.076923 0.135838
1 0.199863 0.682803 0.075549 0.137283
1 0.353709 0.682081 0.078297 0.135838
1 0.044643 0.816474 0.075549 0.130058
1 0.875687 0.575145 0.070055 0.144509
1 0.199176 0.815751 0.076923 0.128613
1 0.276099 0.815751 0.076923 0.128613
1 0.122253 0.816474 0.079670 0.130058
1 0.276099 0.682803 0.076923 0.137283
1 0.728022 0.815751 0.076923 0.137283
1 0.430632 0.815029 0.078297 0.130058
1 0.353709 0.815029 0.078297 0.130058
1 0.576923 0.575145 0.079670 0.144509
1 0.802885 0.815751 0.075549 0.137283
1 0.805632 0.177746 0.072802 0.147399
1 0.320055 0.302746 0.079670 0.192197