1 0.692819 0.733333 0.066489 0.130556
1 0.558511 0.734028 0.069149 0.131944
1 0.419548 0.734028 0.067819 0.131944
1 0.329122 0.470139 0.067819 0.137500
1 0.210771 0.734028 0.067819 0.131944
1 0.762633 0.733333 0.073138 0.130556
1 0.259973 0.470139 0.070479 0.137500
1 0.832447 0.733333 0.069149 0.130556
1 0.117021 0.470139 0.074468 0.137500
1 0.901596 0.732639 0.069149 0.131944
1 0.488697 0.734028 0.070479 0.131944
1 0.398936 0.470139 0.071809 0.137500
1 0.669548 0.470139 0.070479 0.137500
1 0.281250 0.734028 0.073138 0.131944
1 0.210771 0.915972 0.067819 0.137500
1 0.558511 0.915278 0.069149 0.138889
1 0.810505 0.469444 0.070479 0.136111
1 0.762633 0.915278 0.073138 0.138889
1 0.351729 0.734028 0.067819 0.131944
1 0.419548 0.915972 0.067819 0.137500
1 0.626995 0.915972 0.067819 0.137500
1 0.880984 0.469444 0.070479 0.136111
1 0.189495 0.470139 0.070479 0.137500
1 0.488697 0.915972 0.070479 0.137500
1 0.281250 0.915972 0.073138 0.137500
1 0.042553 0.470139 0.074468 0.137500
1 0.351729 0.915972 0.067819 0.137500
1 0.627660 0.734028 0.066489 0.131944
1 0.063830 0.734028 0.074468 0.131944
1 0.138963 0.734028 0.075798 0.131944
1 0.138963 0.915972 0.075798 0.137500
1 0.063165 0.915278 0.075798 0.138889
1 0.833112 0.915278 0.067819 0.138889
1 0.901596 0.915278 0.069149 0.138889