1 0.037552 0.395833 0.069541 0.152778
1 0.111266 0.395833 0.077886 0.152778
1 0.191933 0.395833 0.083449 0.152778
1 0.274687 0.395833 0.082058 0.152778
1 0.357441 0.395833 0.083449 0.152778
1 0.440195 0.395833 0.082058 0.152778
1 0.677330 0.395833 0.075104 0.152778
1 0.754520 0.395833 0.076495 0.152778
1 0.922809 0.395139 0.087622 0.154167
1 0.064673 0.688889 0.079277 0.144444
1 0.144645 0.688889 0.080668 0.144444
1 0.224618 0.688889 0.079277 0.144444
1 0.303894 0.688889 0.079277 0.144444
1 0.383171 0.688889 0.079277 0.144444
1 0.464534 0.688889 0.080668 0.144444
1 0.544506 0.688889 0.079277 0.144444
1 0.625174 0.688889 0.082058 0.144444
1 0.705146 0.688889 0.077886 0.144444
1 0.785118 0.688889 0.082058 0.144444
1 0.868567 0.688194 0.082058 0.143056
1 0.064673 0.895139 0.079277 0.151389
1 0.145341 0.895139 0.082058 0.151389
1 0.226008 0.895139 0.079277 0.151389
1 0.304590 0.895139 0.077886 0.151389
1 0.383171 0.895139 0.079277 0.151389
1 0.463839 0.894444 0.082058 0.150000
1 0.544506 0.894444 0.079277 0.150000
1 0.627260 0.894444 0.083449 0.150000
1 0.706537 0.894444 0.075104 0.150000
1 0.954798 0.688889 0.087622 0.141667
1 0.868567 0.894444 0.082058 0.150000
1 0.954103 0.894444 0.089013 0.150000