1 0.121139 0.390278 0.080116 0.211111
1 0.041506 0.390972 0.079151 0.209722
1 0.548745 0.889583 0.078185 0.212500
1 0.364382 0.388889 0.080116 0.211111
1 0.791506 0.888889 0.079151 0.213889
1 0.803571 0.388889 0.082046 0.211111
1 0.883687 0.388889 0.078185 0.211111
1 0.958977 0.388889 0.074324 0.211111
1 0.160232 0.889583 0.081081 0.212500
1 0.325772 0.889583 0.082046 0.212500
1 0.242761 0.889583 0.083977 0.212500
1 0.078185 0.890278 0.083012 0.213889
1 0.870174 0.888194 0.078185 0.212500
1 0.408301 0.889583 0.083012 0.212500
1 0.202703 0.390278 0.084942 0.211111
1 0.449807 0.388889 0.090734 0.211111
1 0.284749 0.388889 0.079151 0.211111
1 0.711390 0.888889 0.081081 0.213889
1 0.629344 0.888889 0.083012 0.213889
1 0.951737 0.888194 0.084942 0.212500