1 0.576172 0.161000 0.058594 0.278000
1 0.461719 0.848000 0.059375 0.288000
1 0.342969 0.162000 0.059375 0.280000
1 0.402734 0.848000 0.058594 0.288000
1 0.343359 0.848000 0.060156 0.288000
1 0.642188 0.848000 0.060937 0.288000
1 0.284766 0.164000 0.058594 0.280000
1 0.881641 0.161000 0.061719 0.278000
1 0.401562 0.162000 0.057813 0.280000
1 0.582031 0.848000 0.059375 0.288000
1 0.225391 0.163000 0.060156 0.282000
1 0.521875 0.848000 0.060937 0.288000
1 0.703516 0.847000 0.061719 0.290000
1 0.282813 0.848000 0.060937 0.288000
1 0.222656 0.848000 0.060937 0.288000
1 0.635547 0.162000 0.060156 0.276000
1 0.819922 0.161000 0.061719 0.278000
1 0.757812 0.161000 0.062500 0.278000
1 0.766406 0.846000 0.065625 0.288000
1 0.165625 0.163000 0.060937 0.282000
1 0.459766 0.162000 0.058594 0.280000
1 0.517969 0.161000 0.057813 0.278000
1 0.101172 0.848000 0.060156 0.288000
1 0.696094 0.162000 0.060937 0.276000
1 0.105469 0.163000 0.059375 0.282000
1 0.161719 0.848000 0.060937 0.288000
1 0.946875 0.161000 0.068750 0.278000
1 0.892578 0.846000 0.061719 0.288000