1 0.152094 0.121134 0.087438 0.225086
1 0.326970 0.738832 0.089901 0.233677
1 0.416872 0.738832 0.089901 0.233677
1 0.329433 0.121134 0.089901 0.225086
1 0.509236 0.121134 0.089901 0.225086
1 0.065271 0.121134 0.086207 0.225086
1 0.419951 0.121134 0.091133 0.225086
1 0.597906 0.121134 0.087438 0.225086
1 0.064039 0.738832 0.083744 0.233677
1 0.905788 0.845361 0.092365 0.302405
1 0.504926 0.737973 0.086207 0.231959
1 0.240148 0.121134 0.088670 0.225086
1 0.238916 0.738832 0.088670 0.233677
1 0.905788 0.546392 0.092365 0.295533
1 0.150246 0.738832 0.091133 0.233677