1 0.616618 0.215972 0.110787 0.201389
1 0.508017 0.215972 0.109329 0.201389
1 0.065598 0.216667 0.113703 0.200000
1 0.940962 0.215972 0.106414 0.201389
1 0.723032 0.215972 0.102041 0.201389
1 0.287901 0.215972 0.109329 0.201389
1 0.895044 0.834028 0.195335 0.104167
1 0.895044 0.627778 0.195335 0.105556
1 0.397959 0.215972 0.110787 0.201389
1 0.895044 0.731250 0.195335 0.101389
1 0.337464 0.661806 0.103499 0.184722
1 0.895773 0.938194 0.196793 0.106944
1 0.122449 0.662500 0.110787 0.186111
1 0.177114 0.216667 0.112245 0.200000
1 0.231778 0.662500 0.110787 0.186111