1 0.619114 0.172343 0.207756 0.107629
1 0.153740 0.538828 0.191136 0.107629
1 0.153740 0.647820 0.191136 0.110354
1 0.619114 0.065395 0.207756 0.103542
1 0.619806 0.497956 0.209141 0.107629
1 0.619806 0.389646 0.209141 0.108992
1 0.619806 0.280654 0.209141 0.108992
1 0.153740 0.211853 0.191136 0.104905
1 0.619806 0.706403 0.209141 0.110354
1 0.153740 0.757493 0.191136 0.108992
1 0.619806 0.602180 0.209141 0.100817
1 0.153740 0.320163 0.191136 0.111717
1 0.619806 0.815395 0.209141 0.107629
1 0.153740 0.103542 0.191136 0.111717
1 0.620499 0.925749 0.210526 0.113079
1 0.153740 0.430518 0.191136 0.111717