1 0.097250 0.361007 0.062868 0.192164
1 0.870334 0.560634 0.064833 0.210821
1 0.160609 0.562500 0.065815 0.210821
1 0.034872 0.361007 0.063851 0.192164
1 0.807466 0.359142 0.062868 0.192164
1 0.097250 0.563433 0.062868 0.212687
1 0.679764 0.560634 0.064833 0.210821
1 0.225442 0.562500 0.065815 0.210821
1 0.356090 0.360075 0.065815 0.194030
1 0.485265 0.561567 0.064833 0.212687
1 0.420923 0.562500 0.065815 0.210821
1 0.615422 0.359142 0.065815 0.192164
1 0.935658 0.359142 0.067780 0.192164
1 0.291257 0.360075 0.065815 0.194030
1 0.870825 0.359142 0.063851 0.192164
1 0.550098 0.359142 0.064833 0.192164
1 0.935658 0.560634 0.067780 0.210821
1 0.807466 0.560634 0.062868 0.210821
1 0.744597 0.560634 0.064833 0.210821
1 0.034381 0.563433 0.062868 0.212687
1 0.225442 0.360075 0.065815 0.194030
1 0.614931 0.560634 0.064833 0.210821
1 0.160609 0.360075 0.065815 0.194030
1 0.291257 0.562500 0.065815 0.210821
1 0.485756 0.360075 0.063851 0.194030
1 0.744597 0.359142 0.064833 0.192164
1 0.679764 0.359142 0.064833 0.192164
1 0.420923 0.360075 0.065815 0.194030
1 0.550098 0.561567 0.064833 0.212687