1 0.273120 0.139583 0.070284 0.151389
1 0.651665 0.484722 0.072750 0.138889
1 0.175709 0.735417 0.070284 0.151389
1 0.508015 0.735417 0.071517 0.151389
1 0.133169 0.139583 0.071517 0.151389
1 0.245993 0.735417 0.070284 0.151389
1 0.175709 0.484722 0.070284 0.138889
1 0.202836 0.139583 0.067818 0.151389
1 0.315660 0.735417 0.069051 0.151389
1 0.579531 0.484722 0.071517 0.138889
1 0.036991 0.735417 0.064118 0.151389
1 0.580148 0.735417 0.072750 0.151389
1 0.246609 0.484722 0.071517 0.138889
1 0.315660 0.484722 0.069051 0.138889
1 0.737361 0.138889 0.073983 0.152778
1 0.104809 0.735417 0.071517 0.151389
1 0.438964 0.735417 0.069051 0.151389
1 0.663995 0.139583 0.072750 0.151389
1 0.508015 0.484722 0.071517 0.138889
1 0.036991 0.484722 0.064118 0.138889
1 0.651665 0.735417 0.072750 0.151389
1 0.813810 0.138889 0.078915 0.152778
1 0.725031 0.735417 0.073983 0.151389
1 0.061652 0.139583 0.071517 0.151389
1 0.104809 0.484722 0.071517 0.138889
1 0.797781 0.735417 0.071517 0.151389
1 0.725031 0.484722 0.073983 0.138889
1 0.345253 0.139583 0.073983 0.151389
1 0.438964 0.484722 0.069051 0.138889
1 0.797781 0.484722 0.071517 0.138889