1 0.105153 0.874306 0.071031 0.131944
1 0.174095 0.874306 0.066852 0.131944
1 0.311978 0.874306 0.069638 0.131944
1 0.242340 0.874306 0.069638 0.131944
1 0.034819 0.874306 0.069638 0.131944
1 0.346100 0.124306 0.068245 0.126389
1 0.414345 0.124306 0.068245 0.126389
1 0.622563 0.123611 0.069638 0.127778
1 0.692201 0.123611 0.069638 0.127778
1 0.208914 0.125000 0.064067 0.127778
1 0.521588 0.873611 0.071031 0.133333
1 0.146240 0.125000 0.061281 0.127778
1 0.276462 0.125000 0.071031 0.127778
1 0.483983 0.124306 0.071031 0.126389
1 0.382312 0.874306 0.071031 0.131944
1 0.451950 0.873611 0.068245 0.133333
1 0.595404 0.873611 0.076602 0.133333
1 0.766713 0.123611 0.079387 0.127778
1 0.146240 0.570139 0.061281 0.123611
1 0.209610 0.570139 0.065460 0.123611
1 0.276462 0.570139 0.071031 0.123611
1 0.346100 0.570139 0.068245 0.123611
1 0.415042 0.570139 0.069638 0.123611
1 0.483983 0.570139 0.071031 0.123611
1 0.553621 0.570139 0.068245 0.123611
1 0.622563 0.570139 0.069638 0.123611
1 0.692201 0.570139 0.069638 0.123611
1 0.766713 0.570139 0.079387 0.123611
1 0.673398 0.873611 0.079387 0.133333