1 0.636628 0.798497 0.078488 0.124317
1 0.045058 0.799180 0.072674 0.122951
1 0.337936 0.798497 0.074128 0.124317
1 0.412064 0.798497 0.074128 0.124317
1 0.117733 0.620219 0.072674 0.128415
1 0.263081 0.620219 0.075581 0.128415
1 0.337936 0.620219 0.074128 0.128415
1 0.561773 0.798497 0.071221 0.124317
1 0.636628 0.619536 0.078488 0.129781
1 0.189680 0.620219 0.071221 0.128415
1 0.412064 0.620219 0.074128 0.128415
1 0.930233 0.619536 0.078488 0.129781
1 0.487645 0.620219 0.077035 0.128415
1 0.117733 0.799180 0.072674 0.122951
1 0.487645 0.798497 0.077035 0.124317
1 0.189680 0.798497 0.071221 0.124317
1 0.045058 0.620219 0.072674 0.128415
1 0.714390 0.798497 0.077035 0.124317
1 0.713663 0.619536 0.075581 0.129781
1 0.263081 0.798497 0.075581 0.124317
1 0.926599 0.379781 0.129360 0.073770
1 0.853198 0.798497 0.075581 0.124317
1 0.853198 0.619536 0.075581 0.129781
1 0.562500 0.619536 0.072674 0.129781
1 0.622093 0.379781 0.162791 0.073770
1 0.782703 0.379781 0.158430 0.073770