1 0.299065 0.672468 0.065421 0.262658
1 0.365265 0.674051 0.066978 0.259494
1 0.432243 0.674051 0.066978 0.259494
1 0.699377 0.674051 0.068536 0.259494
1 0.565421 0.408228 0.068536 0.272152
1 0.498442 0.674051 0.065421 0.259494
1 0.233645 0.672468 0.068536 0.262658
1 0.832555 0.674051 0.066978 0.259494
1 0.833333 0.408228 0.065421 0.272152
1 0.101246 0.672468 0.065421 0.262658
1 0.767134 0.674051 0.066978 0.259494
1 0.632399 0.672468 0.065421 0.262658
1 0.964953 0.674051 0.063863 0.259494
1 0.699377 0.408228 0.068536 0.272152
1 0.035047 0.408228 0.066978 0.265823
1 0.498442 0.409810 0.065421 0.268987
1 0.632399 0.408228 0.065421 0.272152
1 0.899533 0.674051 0.066978 0.259494
1 0.166667 0.672468 0.065421 0.262658
1 0.899533 0.408228 0.066978 0.272152
1 0.964953 0.408228 0.063863 0.272152