1 0.113037 0.601538 0.059639 0.110769
1 0.113037 0.493846 0.059639 0.104615
1 0.052705 0.601538 0.061026 0.110769
1 0.828710 0.600000 0.059639 0.113846
1 0.409847 0.493077 0.059639 0.103077
1 0.468793 0.493077 0.061026 0.103077
1 0.410541 0.600769 0.058252 0.112308
1 0.828710 0.492308 0.059639 0.101538
1 0.589459 0.493077 0.061026 0.103077
1 0.769764 0.600000 0.058252 0.113846
1 0.710125 0.600769 0.061026 0.112308
1 0.649098 0.493077 0.061026 0.103077
1 0.710125 0.493077 0.061026 0.103077
1 0.029820 0.228462 0.056865 0.115385
1 0.350902 0.493077 0.061026 0.103077
1 0.947295 0.492308 0.063800 0.101538
1 0.947295 0.600000 0.063800 0.113846
1 0.171983 0.493846 0.058252 0.104615
1 0.529126 0.600769 0.059639 0.112308
1 0.886269 0.492308 0.058252 0.101538
1 0.649098 0.600769 0.061026 0.112308
1 0.053398 0.493846 0.062413 0.104615
1 0.468793 0.600769 0.061026 0.112308
1 0.769071 0.493077 0.059639 0.103077
1 0.136616 0.917692 0.059639 0.155385
1 0.230929 0.493846 0.059639 0.104615
1 0.529126 0.493077 0.059639 0.103077
1 0.968793 0.228462 0.056865 0.115385
1 0.291262 0.493846 0.061026 0.104615
1 0.230929 0.601538 0.059639 0.110769
1 0.291262 0.601538 0.061026 0.110769
1 0.589459 0.600769 0.061026 0.112308
1 0.868932 0.917692 0.059639 0.155385