1 0.813942 0.806250 0.056731 0.162500
1 0.968750 0.156250 0.056731 0.168056
1 0.695673 0.806250 0.060577 0.162500
1 0.911058 0.156250 0.058654 0.168056
1 0.619712 0.156250 0.060577 0.168056
1 0.352885 0.806250 0.059615 0.162500
1 0.873077 0.530556 0.059615 0.155556
1 0.559615 0.156250 0.059615 0.168056
1 0.375962 0.156944 0.061538 0.166667
1 0.291827 0.806250 0.062500 0.162500
1 0.314904 0.156944 0.060577 0.166667
1 0.412500 0.530556 0.059615 0.155556
1 0.695192 0.530556 0.061538 0.155556
1 0.228846 0.530556 0.063462 0.155556
1 0.500000 0.156250 0.059615 0.168056
1 0.634615 0.806250 0.061538 0.162500
1 0.739904 0.155556 0.060577 0.166667
1 0.352885 0.530556 0.059615 0.155556
1 0.872596 0.806250 0.060577 0.162500
1 0.853365 0.155556 0.058654 0.166667
1 0.253365 0.156944 0.062500 0.166667
1 0.228846 0.806250 0.063462 0.162500
1 0.189423 0.156944 0.065385 0.166667
1 0.755769 0.806250 0.059615 0.162500
1 0.291827 0.530556 0.062500 0.155556
1 0.165865 0.806250 0.062500 0.162500
1 0.575000 0.530556 0.057692 0.155556
1 0.515865 0.530556 0.060577 0.155556
1 0.755769 0.530556 0.059615 0.155556
1 0.634615 0.530556 0.061538 0.155556
1 0.575000 0.806250 0.057692 0.162500
1 0.679808 0.155556 0.059615 0.166667
1 0.165865 0.530556 0.062500 0.155556
1 0.412500 0.806250 0.059615 0.162500
1 0.102885 0.530556 0.063462 0.155556
1 0.814423 0.530556 0.057692 0.155556
1 0.515865 0.806250 0.060577 0.162500