1 0.492462 0.548611 0.077889 0.163889
1 0.255653 0.811806 0.079146 0.151389
1 0.040201 0.113889 0.075377 0.161111
1 0.177136 0.811806 0.077889 0.151389
1 0.513191 0.113194 0.079146 0.162500
1 0.040201 0.549306 0.075377 0.165278
1 0.355528 0.113194 0.080402 0.162500
1 0.040201 0.811806 0.075377 0.151389
1 0.177136 0.549306 0.077889 0.165278
1 0.333543 0.811111 0.079146 0.150000
1 0.334171 0.549306 0.080402 0.165278
1 0.569724 0.548611 0.079146 0.163889
1 0.413317 0.549306 0.080402 0.165278
1 0.413945 0.811111 0.081658 0.150000
1 0.492462 0.811111 0.077889 0.150000