1 0.613938 0.836174 0.108407 0.308712
1 0.176438 0.182765 0.111726 0.354167
1 0.506637 0.835227 0.108407 0.306818
1 0.064159 0.182765 0.112832 0.354167
1 0.614491 0.181818 0.109513 0.352273
1 0.397677 0.181818 0.109513 0.352273
1 0.287058 0.182765 0.111726 0.354167
1 0.724004 0.835227 0.109513 0.306818
1 0.064159 0.837121 0.112832 0.310606
1 0.397677 0.836174 0.109513 0.308712
1 0.723451 0.181818 0.110619 0.352273
1 0.832965 0.181818 0.110619 0.352273
1 0.940265 0.182765 0.106195 0.350379
1 0.287611 0.836174 0.110619 0.308712
1 0.506637 0.181818 0.108407 0.352273
1 0.832965 0.835227 0.110619 0.306818
1 0.941372 0.834280 0.106195 0.308712