1 0.516416 0.877083 0.064295 0.126389
1 0.259234 0.877083 0.061560 0.126389
1 0.900821 0.876389 0.061560 0.127778
1 0.134063 0.877083 0.062927 0.126389
1 0.322161 0.877083 0.067031 0.126389
1 0.579343 0.876389 0.064295 0.127778
1 0.387825 0.877083 0.064295 0.126389
1 0.965116 0.875694 0.067031 0.126389
1 0.452120 0.877083 0.064295 0.126389
1 0.705882 0.876389 0.062927 0.127778
1 0.069767 0.877083 0.065663 0.126389
1 0.196306 0.877083 0.064295 0.126389
1 0.055404 0.083333 0.061560 0.158333
1 0.054720 0.243056 0.062927 0.161111
1 0.102599 0.356944 0.120383 0.066667
1 0.102599 0.420833 0.120383 0.061111
1 0.102599 0.553472 0.120383 0.065278
1 0.101915 0.617361 0.121751 0.065278
1 0.242134 0.662500 0.155951 0.063889
1 0.386457 0.662500 0.132695 0.063889
1 0.523940 0.663194 0.142271 0.065278
1 0.668263 0.662500 0.146375 0.066667
1 0.799590 0.553472 0.116279 0.065278
1 0.799590 0.489583 0.116279 0.065278
1 0.799590 0.425694 0.116279 0.065278
1 0.799590 0.360417 0.116279 0.065278
1 0.852257 0.247222 0.060192 0.161111
1 0.852257 0.087500 0.060192 0.158333