1 0.037016 0.818056 0.067198 0.161111
1 0.137244 0.175000 0.071754 0.155556
1 0.353645 0.175000 0.074032 0.155556
1 0.653759 0.817361 0.070615 0.159722
1 0.037016 0.547222 0.067198 0.155556
1 0.441344 0.818056 0.069476 0.161111
1 0.724943 0.817361 0.071754 0.159722
1 0.582574 0.817361 0.071754 0.159722
1 0.248861 0.546528 0.071754 0.156944
1 0.319476 0.546528 0.069476 0.156944
1 0.177107 0.818056 0.071754 0.161111
1 0.105923 0.818056 0.070615 0.161111
1 0.582574 0.546528 0.071754 0.156944
1 0.319476 0.818056 0.069476 0.161111
1 0.510820 0.818056 0.071754 0.161111
1 0.742027 0.175000 0.074032 0.155556
1 0.248861 0.818056 0.071754 0.161111
1 0.177107 0.546528 0.071754 0.156944
1 0.105923 0.547222 0.070615 0.155556
1 0.510820 0.546528 0.071754 0.156944
1 0.207859 0.175000 0.069476 0.155556
1 0.817198 0.175000 0.076310 0.155556
1 0.065490 0.175000 0.069476 0.155556
1 0.279043 0.175000 0.072893 0.155556
1 0.724374 0.545833 0.070615 0.155556
1 0.669704 0.175000 0.072893 0.155556
1 0.796697 0.816667 0.074032 0.161111
1 0.653759 0.545833 0.070615 0.155556
1 0.440774 0.546528 0.068337 0.156944
1 0.796697 0.545833 0.074032 0.155556