1 0.052846 0.484028 0.102981 0.201389
1 0.597561 0.290278 0.111111 0.186111
1 0.269648 0.484028 0.113821 0.201389
1 0.380081 0.484028 0.109756 0.201389
1 0.818428 0.483333 0.111111 0.202778
1 0.598238 0.484028 0.112466 0.201389
1 0.052846 0.291667 0.102981 0.186111
1 0.157859 0.484028 0.109756 0.201389
1 0.379404 0.290278 0.111111 0.186111
1 0.707995 0.290278 0.112466 0.186111
1 0.934282 0.289583 0.120596 0.184722
1 0.818428 0.290278 0.111111 0.186111
1 0.268970 0.290972 0.112466 0.187500
1 0.489160 0.484028 0.108401 0.201389
1 0.933604 0.483333 0.121951 0.202778
1 0.489837 0.290278 0.109756 0.186111
1 0.708672 0.484028 0.111111 0.201389
1 0.158537 0.290972 0.111111 0.187500