1 0.059016 0.882556 0.061202 0.221071
1 0.150820 0.436097 0.059016 0.160622
1 0.327322 0.436097 0.060109 0.160622
1 0.033333 0.436097 0.057923 0.160622
1 0.386339 0.435233 0.057923 0.158895
1 0.327322 0.283247 0.060109 0.145078
1 0.504918 0.435233 0.059016 0.158895
1 0.682514 0.434370 0.057923 0.160622
1 0.209836 0.284111 0.059016 0.143351
1 0.033333 0.284111 0.057923 0.143351
1 0.681967 0.283247 0.059016 0.141623
1 0.738798 0.282383 0.054645 0.143351
1 0.969399 0.283247 0.052459 0.141623
1 0.150820 0.284111 0.059016 0.143351
1 0.386339 0.284111 0.057923 0.143351
1 0.969399 0.565630 0.052459 0.164076
1 0.504918 0.284111 0.059016 0.143351
1 0.268852 0.284111 0.059016 0.143351
1 0.622951 0.283247 0.061202 0.141623
1 0.091803 0.284111 0.059016 0.143351
1 0.445355 0.435233 0.060109 0.158895
1 0.091803 0.436097 0.059016 0.160622
1 0.563388 0.282383 0.057923 0.143351
1 0.738798 0.434370 0.054645 0.160622
1 0.445355 0.284111 0.060109 0.143351
1 0.563388 0.434370 0.057923 0.160622
1 0.622951 0.434370 0.061202 0.160622
1 0.780874 0.880829 0.055738 0.217617
1 0.796721 0.434370 0.061202 0.160622
1 0.796721 0.283247 0.061202 0.141623
1 0.857923 0.283247 0.061202 0.141623
1 0.268852 0.436097 0.059016 0.160622
1 0.857377 0.434370 0.062295 0.160622
1 0.209290 0.436097 0.060109 0.160622