1 0.525723 0.190278 0.070740 0.116667
1 0.118167 0.875000 0.075563 0.119444
1 0.380225 0.597222 0.072347 0.116667
1 0.162379 0.597917 0.070740 0.115278
1 0.598071 0.190278 0.073955 0.116667
1 0.672830 0.189583 0.075563 0.118056
1 0.091640 0.190972 0.067524 0.118056
1 0.234727 0.597222 0.073955 0.116667
1 0.525723 0.596528 0.070740 0.115278
1 0.561093 0.873611 0.077170 0.119444
1 0.672830 0.596528 0.075563 0.115278
1 0.162379 0.190972 0.070740 0.118056
1 0.598071 0.596528 0.073955 0.115278
1 0.040997 0.875000 0.078778 0.119444
1 0.750804 0.596528 0.080386 0.115278
1 0.092444 0.597917 0.069132 0.115278
1 0.750804 0.189583 0.080386 0.118056
1 0.453376 0.190972 0.073955 0.118056
1 0.191318 0.875000 0.073955 0.119444
1 0.379421 0.190972 0.073955 0.118056
1 0.264469 0.874306 0.072347 0.118056
1 0.306270 0.190972 0.072347 0.118056
1 0.338424 0.874306 0.075563 0.118056
1 0.486334 0.873611 0.075563 0.119444
1 0.412379 0.873611 0.072347 0.119444
1 0.307878 0.597222 0.072347 0.116667
1 0.453376 0.596528 0.073955 0.115278
1 0.639871 0.873611 0.080386 0.119444