1 0.924455 0.859350 0.123053 0.216260
1 0.198598 0.652033 0.116822 0.201626
1 0.438474 0.860163 0.119938 0.217886
1 0.559969 0.860163 0.123053 0.217886
1 0.080218 0.652033 0.123053 0.201626
1 0.802960 0.858537 0.123053 0.217886
1 0.439252 0.652033 0.118380 0.201626
1 0.681464 0.651220 0.119938 0.200000
1 0.924455 0.650407 0.123053 0.201626
1 0.802181 0.651220 0.121495 0.200000
1 0.319315 0.652033 0.124611 0.201626
1 0.198598 0.860163 0.116822 0.217886
1 0.080218 0.860163 0.123053 0.217886
1 0.559969 0.651220 0.123053 0.200000
1 0.681464 0.859350 0.119938 0.216260
1 0.319315 0.860163 0.124611 0.217886