1 0.314834 0.680556 0.063278 0.147222
1 0.872407 0.893056 0.062241 0.152778
1 0.565353 0.680556 0.062241 0.147222
1 0.688278 0.680556 0.061203 0.147222
1 0.934647 0.680556 0.064315 0.147222
1 0.565871 0.893056 0.061203 0.152778
1 0.749481 0.680556 0.063278 0.147222
1 0.839212 0.392361 0.058091 0.154167
1 0.750000 0.892361 0.062241 0.151389
1 0.627075 0.680556 0.061203 0.147222
1 0.251037 0.892361 0.064315 0.151389
1 0.688797 0.892361 0.060166 0.151389
1 0.627593 0.893056 0.062241 0.152778
1 0.377593 0.892361 0.062241 0.151389
1 0.871888 0.680556 0.061203 0.147222
1 0.502593 0.892361 0.063278 0.151389
1 0.898859 0.392361 0.061203 0.154167
1 0.377593 0.680556 0.062241 0.147222
1 0.440353 0.892361 0.063278 0.151389
1 0.314834 0.892361 0.063278 0.151389
1 0.502593 0.680556 0.063278 0.147222
1 0.811203 0.680556 0.060166 0.147222
1 0.959544 0.392361 0.060166 0.154167
1 0.811203 0.892361 0.060166 0.151389
1 0.934647 0.893056 0.064315 0.152778
1 0.439834 0.680556 0.062241 0.147222
1 0.251037 0.680556 0.064315 0.147222