1 0.804187 0.396764 0.115764 0.078582
1 0.966749 0.870570 0.064039 0.154083
1 0.150862 0.871341 0.062808 0.152542
1 0.778941 0.870570 0.065271 0.154083
1 0.906404 0.870570 0.056650 0.154083
1 0.088670 0.872111 0.061576 0.151002
1 0.116995 0.479199 0.118227 0.077042
1 0.464286 0.872111 0.064039 0.154083
1 0.591133 0.871341 0.064039 0.155624
1 0.527094 0.872111 0.064039 0.154083
1 0.072660 0.103236 0.066502 0.194145
1 0.275246 0.872111 0.062808 0.154083
1 0.213054 0.871341 0.064039 0.152542
1 0.716133 0.870570 0.062808 0.154083
1 0.653325 0.870570 0.062808 0.154083
1 0.399631 0.872111 0.067734 0.154083
1 0.804187 0.317411 0.115764 0.080123
1 0.116995 0.318182 0.118227 0.075501
1 0.116995 0.399076 0.118227 0.086287
1 0.116995 0.557781 0.118227 0.080123
1 0.248153 0.609399 0.144089 0.081664
1 0.392241 0.609399 0.144089 0.081664
1 0.533867 0.609399 0.139163 0.081664
1 0.674877 0.608629 0.142857 0.083205
1 0.804187 0.553159 0.115764 0.080123
1 0.804187 0.474576 0.115764 0.077042
1 0.849138 0.103236 0.070197 0.194145