1 0.727332 0.882153 0.095926 0.183924
1 0.537451 0.882834 0.094612 0.182561
1 0.537451 0.566757 0.094612 0.174387
1 0.379763 0.143733 0.097240 0.178474
1 0.821945 0.566757 0.095926 0.174387
1 0.871222 0.143052 0.110381 0.177112
1 0.443495 0.882153 0.093298 0.183924
1 0.444152 0.567439 0.091984 0.175749
1 0.257556 0.735014 0.105125 0.178474
1 0.061761 0.561989 0.097240 0.167575
1 0.822602 0.882153 0.097240 0.183924
1 0.476347 0.143733 0.095926 0.178474
1 0.287779 0.143733 0.089356 0.178474
1 0.062418 0.734332 0.095926 0.179837
1 0.158344 0.734332 0.095926 0.179837
1 0.572930 0.143733 0.097240 0.178474
1 0.671485 0.143733 0.099869 0.178474
1 0.768725 0.143052 0.097240 0.177112
1 0.631406 0.566757 0.095926 0.174387
1 0.632063 0.882834 0.094612 0.182561
1 0.727332 0.566757 0.095926 0.174387
1 0.157687 0.561989 0.097240 0.167575
1 0.257556 0.561989 0.105125 0.167575