1 0.505078 0.252137 0.082031 0.264957
1 0.910547 0.250712 0.085156 0.264957
1 0.791797 0.865385 0.082031 0.246439
1 0.626953 0.865385 0.085156 0.246439
1 0.709766 0.865385 0.082031 0.246439
1 0.298438 0.866809 0.082812 0.246439
1 0.383984 0.865385 0.089844 0.246439
1 0.052344 0.866097 0.079687 0.247863
1 0.216406 0.866097 0.082812 0.247863
1 0.546094 0.865385 0.078125 0.246439
1 0.133984 0.866097 0.083594 0.247863
1 0.827344 0.252137 0.081250 0.264957
1 0.873047 0.865385 0.080469 0.246439
1 0.425000 0.252849 0.078125 0.266382
1 0.586328 0.252137 0.082031 0.264957
1 0.747656 0.252137 0.079687 0.264957
1 0.667969 0.252137 0.081250 0.264957