1 0.816441 0.113194 0.069820 0.159722
1 0.747185 0.113194 0.070946 0.159722
1 0.680180 0.545139 0.072072 0.162500
1 0.884572 0.113194 0.066441 0.159722
1 0.193694 0.825694 0.072072 0.145833
1 0.952703 0.113194 0.072072 0.159722
1 0.680743 0.811111 0.070946 0.147222
1 0.266329 0.825694 0.075450 0.145833
1 0.889077 0.811111 0.068694 0.147222
1 0.958333 0.810417 0.069820 0.145833
1 0.121059 0.825694 0.073198 0.145833
1 0.545608 0.675694 0.061937 0.154167
1 0.266329 0.675694 0.075450 0.154167
1 0.750000 0.811111 0.067568 0.147222
1 0.546171 0.825694 0.063063 0.145833
1 0.479730 0.675694 0.072072 0.154167
1 0.338964 0.825694 0.072072 0.145833
1 0.409347 0.825694 0.068694 0.145833
1 0.409347 0.675694 0.068694 0.154167
1 0.818694 0.811111 0.072072 0.147222
1 0.444257 0.250000 0.070946 0.205556
1 0.046734 0.675694 0.075450 0.154167
1 0.479730 0.825694 0.072072 0.145833
1 0.338964 0.675694 0.072072 0.154167
1 0.888514 0.545139 0.069820 0.162500
1 0.750000 0.545139 0.067568 0.162500
1 0.121622 0.675694 0.074324 0.154167
1 0.957770 0.545139 0.068694 0.162500